0.000 ,4.699, 3.401
0.083 ,4.450, 3.387
0.167 ,4.366, 3.267
0.250 ,4.422, 3.305
0.333 ,4.510, 3.332
0.417 ,5.041, 3.749
0.500 ,5.337, 3.940
0.583 ,5.194, 3.673
0.667 ,5.064, 3.570
0.750 ,4.990, 3.454
0.833 ,4.972, 3.452
0.917 ,4.945, 3.408
1.000 ,5.002, 3.378
1.083 ,5.069, 3.415
1.167 ,5.038, 3.371
1.250 ,5.018, 3.291
1.333 ,5.143, 3.349
1.417 ,5.095, 3.412
1.500 ,4.960, 3.265
1.583 ,5.070, 3.422
1.667 ,5.012, 3.417
1.750 ,5.048, 3.463
1.833 ,4.990, 3.334
1.917 ,5.053, 3.357
2.000 ,5.071, 3.354
2.083 ,5.076, 3.421
2.167 ,5.163, 3.498
2.250 ,5.189, 3.495
2.333 ,5.103, 3.479
2.417 ,5.087, 3.468
2.500 ,4.960, 3.399
2.583 ,4.895, 3.400
2.667 ,4.805, 3.388
2.750 ,4.726, 3.384
2.833 ,4.654, 3.309
2.917 ,4.550, 3.267
3.000 ,4.270, 3.195
3.083 ,4.543, 3.270
3.167 ,4.713, 3.487
3.250 ,4.681, 3.501
3.333 ,4.520, 3.424
3.417 ,4.503, 3.445
3.500 ,4.364, 3.352
3.583 ,4.235, 3.299
3.667 ,4.135, 3.217
3.750 ,4.045, 3.207
3.833 ,3.922, 3.097
3.917 ,3.786, 3.028
4.000 ,3.723, 3.030
4.083 ,3.632, 2.947
4.167 ,3.350, 2.761
4.250 ,3.190, 2.685
4.333 ,3.072, 2.540
4.417 ,2.846, 2.397
4.500 ,2.787, 2.351
4.583 ,2.620, 2.267
4.667 ,2.487, 2.252
4.750 ,2.319, 2.083
4.833 ,2.230, 2.075
4.917 ,2.139, 2.059
5.000 ,2.028, 2.004
5.083 ,1.993, 1.965
5.167 ,1.901, 1.898
5.250 ,1.732, 1.876
5.333 ,1.716, 1.842
5.417 ,1.646, 1.771
5.500 ,1.565, 1.732
5.583 ,1.559, 1.699
5.667 ,1.468, 1.632
5.750 ,1.478, 1.626
5.833 ,1.416, 1.597
5.917 ,1.412, 1.584
6.000 ,1.348, 1.521
6.083 ,1.337, 1.492
6.167 ,1.260, 1.457
6.250 ,1.243, 1.437
6.333 ,1.145, 1.349
6.417 ,1.079, 1.344
6.500 ,1.014, 1.280
6.583 ,0.957, 1.241
6.667 ,0.895, 1.219
6.750 ,0.825, 1.155
6.833 ,0.815, 1.129
6.917 ,0.769, 1.107
7.000 ,0.770, 1.085
7.083 ,0.760, 1.070
7.167 ,0.696, 1.051
7.250 ,0.640, 0.998
7.333 ,0.640, 1.007
7.417 ,0.697, 1.027
7.500 ,0.682, 1.014
7.583 ,0.640, 0.958
7.667 ,0.628, 0.936
7.750 ,0.619, 0.941
7.833 ,0.552, 0.893
7.917 ,0.474, 0.883
8.000 ,0.475, 0.857
8.083 ,0.468, 0.838
8.167 ,0.465, 0.834
8.250 ,0.455, 0.813
8.333 ,0.401, 0.786
8.417 ,0.368, 0.763
8.500 ,0.372, 0.767
8.583 ,0.371, 0.749
8.667 ,0.364, 0.730
8.750 ,0.369, 0.728
8.833 ,0.355, 0.709
8.917 ,0.328, 0.705
9.000 ,0.306, 0.688
9.083 ,0.301, 0.686
9.167 ,0.316, 0.678
9.250 ,0.323, 0.680
9.333 ,0.306, 0.681
9.417 ,0.353, 0.673
9.500 ,0.368, 0.665
9.583 ,0.347, 0.657
9.667 ,0.321, 0.637
9.750 ,0.292, 0.639
9.833 ,0.297, 0.623
9.917 ,0.228, 0.616
10.000 ,0.241, 0.615
10.083 ,0.234, 0.608
10.167 ,0.201, 0.593
10.250 ,0.182, 0.578
10.333 ,0.210, 0.576
10.417 ,0.192, 0.577
10.500 ,0.166, 0.574
10.583 ,0.184, 0.578
10.667 ,0.217, 0.574
10.750 ,0.190, 0.579
10.833 ,0.192, 0.567
10.917 ,0.201, 0.561
11.000 ,0.192, 0.553
11.083 ,0.202, 0.555
11.167 ,0.205, 0.540
11.250 ,0.232, 0.535
11.333 ,0.257, 0.548
11.417 ,0.449, 0.576
11.500 ,0.816, 0.748
11.583 ,1.438, 1.111
11.667 ,2.159, 1.533
11.750 ,2.948, 2.051
11.833 ,3.870, 2.630
11.917 ,4.917, 3.252
12.000 ,5.479, 3.654
12.083 ,6.291, 4.208
12.167 ,6.982, 4.709
12.250 ,7.462, 5.017
12.333 ,7.827, 5.273
12.417 ,8.186, 5.474
12.500 ,8.822, 5.899
12.583 ,9.132, 6.027
12.667 ,9.424, 6.193
12.750 ,9.664, 6.384
12.833 ,9.931, 6.520
12.917 ,10.377, 6.794
13.000 ,10.753, 7.044
13.083 ,10.850, 7.030
13.167 ,11.027, 7.117
13.250 ,11.452, 7.471
13.333 ,11.858, 7.667
13.417 ,12.217, 7.814
13.500 ,12.359, 7.876
13.583 ,12.344, 7.858
13.667 ,12.808, 8.006
13.750 ,13.026, 8.139
13.833 ,13.021, 8.084
13.917 ,13.156, 8.097
14.000 ,13.347, 8.208
14.083 ,13.576, 8.284
14.167 ,13.735, 8.367
14.250 ,13.953, 8.521
14.333 ,14.008, 8.495
14.417 ,13.914, 8.402
14.500 ,14.250, 8.596
14.583 ,14.566, 8.628
14.667 ,14.739, 8.739
14.750 ,14.756, 8.693
14.833 ,15.005, 8.843
14.917 ,15.112, 8.859
15.000 ,15.554, 8.953
15.083 ,15.868, 9.173
15.167 ,16.279, 9.372
15.250 ,16.287, 9.384
15.333 ,16.332, 9.341
15.417 ,16.500, 9.420
15.500 ,16.568, 9.524
15.583 ,16.396, 9.376
15.667 ,16.274, 9.291
15.750 ,16.250, 9.249
15.833 ,16.427, 9.248
15.917 ,16.626, 9.382
16.000 ,16.935, 9.573
16.083 ,16.670, 9.406
16.167 ,16.420, 9.210
16.250 ,16.656, 9.335
16.333 ,16.862, 9.432
16.417 ,17.165, 9.509
16.500 ,17.209, 9.608
16.583 ,17.081, 9.438
16.667 ,17.250, 9.554
16.750 ,17.464, 9.617
16.833 ,17.608, 9.640
16.917 ,17.670, 9.685
17.000 ,17.535, 9.591
17.083 ,17.808, 9.781
17.167 ,17.674, 9.696
17.250 ,18.250, 10.045
17.333 ,18.301, 9.991
17.417 ,18.076, 9.882
17.500 ,18.395, 10.010
17.583 ,18.488, 10.022
17.667 ,18.090, 9.850
17.750 ,17.996, 9.837
17.833 ,17.945, 9.866
17.917 ,17.871, 9.745
18.000 ,17.562, 9.625
18.083 ,17.704, 9.623
18.167 ,17.848, 9.638
18.250 ,18.003, 9.741
18.333 ,18.154, 9.844
18.417 ,18.176, 9.823
18.500 ,17.817, 9.528
18.583 ,17.667, 9.499
18.667 ,17.835, 9.597
18.750 ,18.120, 9.743
18.833 ,18.206, 9.678
18.917 ,18.249, 9.797
19.000 ,18.318, 9.797
19.083 ,18.684, 9.839
