0.000 ,0.107, 0.297
0.083 ,0.200, 0.376
0.167 ,0.108, 0.352
0.250 ,0.176, 0.346
0.333 ,0.184, 0.379
0.417 ,0.242, 0.357
0.500 ,0.152, 0.393
0.583 ,0.249, 0.346
0.667 ,0.314, 0.388
0.750 ,0.380, 0.378
0.833 ,0.435, 0.423
0.917 ,0.460, 0.376
1.000 ,0.492, 0.401
1.083 ,0.527, 0.364
1.167 ,0.557, 0.424
1.250 ,0.521, 0.428
1.333 ,0.544, 0.434
1.417 ,0.539, 0.441
1.500 ,0.470, 0.399
1.583 ,0.481, 0.409
1.667 ,0.416, 0.394
1.750 ,0.466, 0.427
1.833 ,0.427, 0.385
1.917 ,0.397, 0.393
2.000 ,0.396, 0.381
2.083 ,0.424, 0.387
2.167 ,0.426, 0.397
2.250 ,0.448, 0.403
2.333 ,0.440, 0.391
2.417 ,0.416, 0.395
2.500 ,0.439, 0.415
2.583 ,0.371, 0.387
2.667 ,0.365, 0.414
2.750 ,0.387, 0.423
2.833 ,0.339, 0.390
2.917 ,0.306, 0.371
3.000 ,0.238, 0.462
3.083 ,0.251, 0.474
3.167 ,0.187, 0.489
3.250 ,0.258, 0.497
3.333 ,0.186, 0.439
3.417 ,0.212, 0.445
3.500 ,0.241, 0.442
3.583 ,0.197, 0.447
3.667 ,0.227, 0.496
3.750 ,0.235, 0.461
3.833 ,0.218, 0.452
3.917 ,0.195, 0.423
4.000 ,0.176, 0.443
4.083 ,0.186, 0.399
4.167 ,0.186, 0.431
4.250 ,0.182, 0.437
4.333 ,0.156, 0.422
4.417 ,0.169, 0.415
4.500 ,0.170, 0.467
4.583 ,0.119, 0.443
4.667 ,0.128, 0.429
4.750 ,0.146, 0.479
4.833 ,0.124, 0.420
4.917 ,0.078, 0.442
5.000 ,0.107, 0.494
5.083 ,0.135, 0.515
5.167 ,0.153, 0.511
5.250 ,0.141, 0.528
5.333 ,0.181, 0.534
5.417 ,0.152, 0.514
5.500 ,0.168, 0.516
5.583 ,0.213, 0.546
5.667 ,0.198, 0.507
5.750 ,0.165, 0.478
5.833 ,0.174, 0.460
5.917 ,0.209, 0.501
6.000 ,0.210, 0.484
6.083 ,0.221, 0.475
6.167 ,0.186, 0.476
6.250 ,0.225, 0.500
6.333 ,0.193, 0.466
6.417 ,0.167, 0.473
6.500 ,0.145, 0.475
6.583 ,0.113, 0.461
6.667 ,0.133, 0.463
6.750 ,0.115, 0.451
6.833 ,0.119, 0.439
6.917 ,0.098, 0.433
7.000 ,0.104, 0.438
7.083 ,0.062, 0.431
7.167 ,0.066, 0.420
7.250 ,0.082, 0.438
7.333 ,0.073, 0.435
7.417 ,0.089, 0.447
7.500 ,0.078, 0.438
7.583 ,0.080, 0.435
7.667 ,0.087, 0.436
7.750 ,0.109, 0.429
7.833 ,0.091, 0.433
7.917 ,0.057, 0.408
8.000 ,0.068, 0.419
8.083 ,0.073, 0.425
8.167 ,0.012, 0.405
8.250 ,0.052, 0.405
8.333 ,0.044, 0.392
8.417 ,0.055, 0.391
8.500 ,-0.000, 0.395
8.583 ,0.027, 0.387
8.667 ,0.068, 0.399
8.750 ,0.031, 0.400
8.833 ,0.003, 0.406
8.917 ,0.059, 0.422
9.000 ,0.061, 0.417
9.083 ,0.055, 0.469
9.167 ,0.055, 0.480
9.250 ,0.103, 0.546
9.333 ,0.108, 0.573
9.417 ,0.116, 0.586
9.500 ,0.159, 0.563
9.583 ,0.153, 0.589
9.667 ,0.155, 0.587
9.750 ,0.136, 0.583
9.833 ,0.145, 0.572
9.917 ,0.084, 0.560
10.000 ,0.054, 0.561
10.083 ,0.095, 0.578
10.167 ,0.078, 0.579
10.250 ,0.098, 0.566
10.333 ,0.069, 0.613
10.417 ,0.113, 0.614
10.500 ,0.078, 0.624
10.583 ,0.118, 0.670
10.667 ,0.142, 0.815
10.750 ,0.232, 0.968
10.833 ,0.252, 1.121
10.917 ,0.289, 1.248
11.000 ,0.341, 1.412
11.083 ,0.346, 1.423
11.167 ,0.374, 1.497
11.250 ,0.410, 1.440
11.333 ,0.421, 1.394
11.417 ,0.713, 1.433
11.500 ,1.177, 1.526
11.583 ,1.798, 1.692
11.667 ,2.442, 1.923
11.750 ,3.020, 2.100
11.833 ,3.525, 2.343
11.917 ,4.036, 2.498
12.000 ,4.253, 2.707
12.083 ,4.299, 2.639
12.167 ,4.454, 2.733
12.250 ,4.545, 2.838
12.333 ,4.414, 2.804
12.417 ,4.128, 2.576
12.500 ,4.124, 2.568
12.583 ,4.077, 2.470
12.667 ,4.054, 2.440
12.750 ,3.796, 2.342
12.833 ,3.656, 2.216
12.917 ,3.553, 2.129
13.000 ,3.454, 2.120
13.083 ,3.345, 2.073
13.167 ,3.345, 2.022
13.250 ,3.123, 1.902
13.333 ,3.106, 1.912
13.417 ,3.109, 1.921
13.500 ,2.995, 1.847
13.583 ,2.932, 1.764
13.667 ,2.793, 1.730
13.750 ,2.736, 1.719
13.833 ,2.700, 1.708
13.917 ,2.603, 1.690
14.000 ,2.413, 1.576
14.083 ,2.404, 1.551
14.167 ,2.350, 1.572
14.250 ,2.294, 1.539
14.333 ,2.369, 1.521
14.417 ,2.188, 1.385
14.500 ,2.120, 1.351
14.583 ,2.147, 1.401
14.667 ,2.098, 1.356
14.750 ,2.037, 1.333
14.833 ,1.929, 1.256
14.917 ,1.896, 1.252
15.000 ,1.923, 1.272
15.083 ,1.930, 1.213
15.167 ,1.946, 1.224
15.250 ,1.887, 1.151
15.333 ,1.867, 1.162
15.417 ,1.920, 1.184
15.500 ,1.825, 1.162
15.583 ,1.756, 1.123
15.667 ,1.665, 1.133
15.750 ,1.569, 1.120
15.833 ,1.668, 1.183
15.917 ,1.541, 1.038
16.000 ,1.505, 1.069
16.083 ,1.492, 1.101
16.167 ,1.442, 1.065
16.250 ,1.424, 0.994
16.333 ,1.390, 0.984
16.417 ,1.356, 0.949
16.500 ,1.306, 0.965
16.583 ,1.365, 1.035
16.667 ,1.393, 1.045
16.750 ,1.388, 1.073
16.833 ,1.380, 1.148
16.917 ,1.249, 0.962
17.000 ,1.178, 0.865
17.083 ,1.215, 0.837
17.167 ,1.218, 0.889
17.250 ,1.251, 0.903
17.333 ,1.257, 0.874
17.417 ,1.156, 0.832
17.500 ,1.166, 0.831
17.583 ,1.248, 0.869
17.667 ,1.111, 0.809
17.750 ,1.103, 0.862
17.833 ,1.108, 0.832
17.917 ,1.124, 0.839
18.000 ,1.015, 0.816
18.083 ,0.958, 0.809
18.167 ,0.995, 0.809
18.250 ,0.983, 0.826
18.333 ,0.956, 0.794
18.417 ,0.900, 0.789
18.500 ,0.851, 0.716
18.583 ,0.845, 0.716
18.667 ,0.864, 0.703
18.750 ,0.909, 0.728
18.833 ,0.893, 0.737
18.917 ,0.863, 0.774
19.000 ,0.882, 0.738
19.083 ,0.953, 0.775
