0.000 ,4.945, 3.873
0.083 ,4.725, 3.670
0.167 ,4.743, 3.638
0.250 ,4.411, 3.349
0.333 ,4.583, 3.398
0.417 ,4.802, 3.486
0.500 ,4.373, 3.113
0.583 ,4.279, 3.148
0.667 ,3.999, 2.954
0.750 ,4.198, 3.134
0.833 ,3.891, 2.984
0.917 ,4.196, 3.180
1.000 ,3.983, 3.048
1.083 ,3.786, 2.908
1.167 ,3.764, 2.898
1.250 ,3.694, 2.923
1.333 ,3.844, 2.990
1.417 ,3.451, 2.780
1.500 ,3.386, 2.751
1.583 ,3.672, 2.950
1.667 ,3.674, 2.977
1.750 ,3.535, 2.873
1.833 ,3.243, 2.706
1.917 ,3.203, 2.705
2.000 ,3.372, 2.794
2.083 ,3.341, 2.777
2.167 ,3.404, 2.811
2.250 ,3.691, 2.986
2.333 ,3.198, 2.711
2.417 ,3.469, 2.872
2.500 ,3.255, 2.780
2.583 ,3.247, 2.698
2.667 ,3.347, 2.788
2.750 ,3.207, 2.610
2.833 ,3.061, 2.618
2.917 ,2.938, 2.473
3.000 ,3.145, 2.623
3.083 ,3.232, 2.647
3.167 ,3.430, 2.883
3.250 ,3.220, 2.698
3.333 ,3.280, 2.672
3.417 ,3.251, 2.643
3.500 ,3.292, 2.674
3.583 ,3.107, 2.594
3.667 ,2.835, 2.354
3.750 ,2.948, 2.470
3.833 ,2.719, 2.340
3.917 ,2.606, 2.224
4.000 ,2.728, 2.372
4.083 ,2.451, 2.210
4.167 ,2.493, 2.277
4.250 ,2.330, 2.116
4.333 ,2.398, 2.180
4.417 ,2.230, 2.088
4.500 ,2.250, 2.061
4.583 ,2.108, 1.995
4.667 ,1.948, 1.870
4.750 ,1.869, 1.891
4.833 ,1.809, 1.858
4.917 ,1.720, 1.722
5.000 ,1.733, 1.759
5.083 ,1.608, 1.717
5.167 ,1.379, 1.468
5.250 ,1.453, 1.541
5.333 ,1.522, 1.624
5.417 ,1.296, 1.537
5.500 ,1.336, 1.543
5.583 ,1.277, 1.405
5.667 ,1.313, 1.531
5.750 ,1.294, 1.550
5.833 ,1.259, 1.535
5.917 ,1.199, 1.480
6.000 ,1.175, 1.453
6.083 ,1.133, 1.409
6.167 ,1.027, 1.372
6.250 ,1.047, 1.348
6.333 ,1.021, 1.326
6.417 ,0.975, 1.315
6.500 ,0.974, 1.298
6.583 ,0.946, 1.227
6.667 ,0.895, 1.205
6.750 ,0.900, 1.185
6.833 ,0.870, 1.153
6.917 ,0.783, 1.069
7.000 ,0.729, 1.063
7.083 ,0.653, 0.957
7.167 ,0.767, 1.080
7.250 ,0.670, 1.077
7.333 ,0.652, 0.967
7.417 ,0.655, 0.989
7.500 ,0.664, 1.040
7.583 ,0.690, 1.008
7.667 ,0.659, 0.989
7.750 ,0.562, 0.967
7.833 ,0.576, 0.959
7.917 ,0.512, 0.926
8.000 ,0.590, 0.918
8.083 ,0.574, 0.886
8.167 ,0.530, 0.830
8.250 ,0.509, 0.880
8.333 ,0.482, 0.791
8.417 ,0.507, 0.880
8.500 ,0.526, 0.863
8.583 ,0.494, 0.836
8.667 ,0.491, 0.834
8.750 ,0.456, 0.805
8.833 ,0.433, 0.798
8.917 ,0.444, 0.829
9.000 ,0.430, 0.794
9.083 ,0.426, 0.789
9.167 ,0.422, 0.800
9.250 ,0.410, 0.786
9.333 ,0.408, 0.772
9.417 ,0.409, 0.754
9.500 ,0.382, 0.746
9.583 ,0.370, 0.751
9.667 ,0.381, 0.752
9.750 ,0.356, 0.703
9.833 ,0.377, 0.746
9.917 ,0.353, 0.739
10.000 ,0.322, 0.699
10.083 ,0.319, 0.678
10.167 ,0.332, 0.712
10.250 ,0.317, 0.685
10.333 ,0.258, 0.569
10.417 ,0.247, 0.566
10.500 ,0.252, 0.638
10.583 ,0.238, 0.634
10.667 ,0.300, 0.632
10.750 ,0.268, 0.594
10.833 ,0.215, 0.530
10.917 ,0.249, 0.624
11.000 ,0.217, 0.610
11.083 ,0.246, 0.607
11.167 ,0.220, 0.585
11.250 ,0.238, 0.579
11.333 ,0.387, 0.650
11.417 ,0.850, 0.901
11.500 ,1.365, 1.321
11.583 ,1.929, 1.802
11.667 ,2.281, 2.192
11.750 ,3.014, 2.813
11.833 ,3.390, 3.273
11.917 ,3.861, 3.836
12.000 ,4.585, 4.278
12.083 ,5.043, 4.731
12.167 ,5.312, 5.171
12.250 ,5.841, 5.215
12.333 ,6.137, 5.617
12.417 ,6.499, 5.829
12.500 ,7.071, 6.100
12.583 ,7.601, 6.404
12.667 ,7.748, 6.457
12.750 ,7.437, 6.529
12.833 ,8.308, 6.920
12.917 ,8.577, 7.114
13.000 ,8.652, 7.157
13.083 ,9.418, 7.789
13.167 ,9.625, 7.961
13.250 ,9.867, 8.179
13.333 ,9.765, 8.185
13.417 ,10.432, 8.700
13.500 ,10.482, 8.663
13.583 ,10.350, 8.781
13.667 ,10.109, 8.782
13.750 ,10.996, 9.200
13.833 ,11.138, 9.289
13.917 ,10.974, 9.213
14.000 ,11.403, 9.503
14.083 ,11.811, 9.866
14.167 ,11.886, 9.782
14.250 ,12.011, 9.854
14.333 ,12.052, 9.881
14.417 ,12.467, 10.116
14.500 ,12.391, 9.916
14.583 ,12.286, 10.065
14.667 ,12.249, 9.889
14.750 ,12.955, 10.244
14.833 ,12.573, 9.935
14.917 ,12.486, 9.718
15.000 ,12.723, 10.016
15.083 ,12.629, 9.997
15.167 ,13.028, 10.166
15.250 ,13.317, 10.282
15.333 ,13.125, 10.053
15.417 ,12.761, 10.129
15.500 ,13.157, 9.962
15.583 ,13.213, 9.957
15.667 ,13.427, 10.145
15.750 ,13.617, 10.331
15.833 ,13.521, 10.234
15.917 ,13.053, 10.144
16.000 ,12.479, 9.624
16.083 ,14.006, 10.490
16.167 ,13.917, 10.369
16.250 ,13.371, 10.216
16.333 ,13.741, 10.433
16.417 ,13.580, 10.507
16.500 ,13.998, 10.589
16.583 ,13.635, 10.486
16.667 ,14.172, 10.825
16.750 ,13.812, 10.532
16.833 ,14.370, 10.743
16.917 ,14.197, 10.690
17.000 ,14.250, 10.733
17.083 ,14.538, 10.821
17.167 ,14.461, 10.829
17.250 ,13.948, 10.824
17.333 ,14.804, 11.021
17.417 ,14.571, 10.921
17.500 ,15.014, 11.146
17.583 ,15.085, 11.290
17.667 ,15.229, 11.225
17.750 ,15.380, 11.425
17.833 ,15.358, 11.424
17.917 ,15.470, 11.551
18.000 ,15.125, 11.222
18.083 ,14.645, 11.021
18.167 ,15.084, 11.573
18.250 ,15.135, 11.396
18.333 ,15.572, 11.592
18.417 ,15.699, 11.771
18.500 ,16.006, 11.844
18.583 ,15.960, 11.713
18.667 ,16.081, 11.850
18.750 ,15.315, 11.632
18.833 ,15.575, 11.968
18.917 ,16.103, 11.896
19.000 ,16.121, 11.904
19.083 ,15.194, 11.908
